0.0 -0.5 1.5 0.5 0.02 0
0.0 -1.0 2.5 0.5 0.04 0
0.0 -1.5 3.5 0.5 0.06 0
0.0 -2.0 4.5 0.5 0.08 0
0.0 -2.5 5.5 0.5 0.10 0
0.0 -3.0 6.5 0.5 0.12 0
0.0 -3.5 7.5 0.5 0.14 0
0.0 -4.0 8.5 0.5 0.16 0
0.0 -4.5 9.5 0.5 0.18 0
0.0 0.5 1.5 0.5 0.02 0
0.0 1.0 2.5 0.5 0.04 0
0.0 1.5 3.5 0.5 0.06 0
0.0 2.0 4.5 0.5 0.08 0
0.0 2.5 5.5 0.5 0.10 0
0.0 3.0 6.5 0.5 0.12 0
0.0 3.5 7.5 0.5 0.14 0
0.0 4.0 8.5 0.5 0.16 0
0.0 4.5 9.5 0.5 0.18 0
-0.5 0.0 0.5 1.5 0.02 0
-1.0 0.0 0.5 2.5 0.04 0
-1.5 0.0 0.5 3.5 0.06 0
-2.0 0.0 0.5 4.5 0.08 0
-2.5 0.0 0.5 5.5 0.10 0
-3.0 0.0 0.5 6.5 0.12 0
-3.5 0.0 0.5 7.5 0.14 0
-4.0 0.0 0.5 8.5 0.16 0
-4.5 0.0 0.5 9.5 0.18 0
0.5 0.0 0.5 1.5 0.02 0
1.0 0.0 0.5 2.5 0.04 0
1.5 0.0 0.5 3.5 0.06 0
2.0 0.0 0.5 4.5 0.08 0
2.5 0.0 0.5 5.5 0.10 0
3.0 0.0 0.5 6.5 0.12 0
3.5 0.0 0.5 7.5 0.14 0
4.0 0.0 0.5 8.5 0.16 0
4.5 0.0 0.5 9.5 0.18 0
