0.0 -0.5 1.5 0.5 0.02 0
0.0 0.5 1.5 0.5 0.02 0
-0.5 0.0 0.5 1.5 0.02 0
0.5 0.0 0.5 1.5 0.02 0
-1.0 -1.0 0.5 0.5 0.04 0
-0.5 -1.0 0.5 0.5 0.02 0
0.0 -1.0 0.5 0.5 0.06 0
0.5 -1.0 0.5 0.5 0.03 0
1.0 -1.0 0.5 0.5 0.02 0
1.0 1.0 0.5 0.5 0.04 0
0.5 1.0 0.5 0.5 0.02 0
0.0 1.0 0.5 0.5 0.06 0
-0.5 1.0 0.5 0.5 0.03 0
-1.0 1.0 0.5 0.5 0.02 0
-1.0 -0.5 0.5 0.5 0.02 0
-1.0 0.0 0.5 0.5 0.04 0
-1.0 0.5 0.5 0.5 0.01 0
1.0 -0.5 0.5 0.5 0.02 0
1.0 0.0 0.5 0.5 0.04 0
1.0 0.5 0.5 0.5 0.01 0
-1.5 -1.5 0.5 0.5 0.05 0
-1.0 -1.5 0.5 0.5 0.03 0
-0.5 -1.5 0.5 0.5 0.01 0
0.0 -1.5 0.5 0.5 0.07 0
0.5 -1.5 0.5 0.5 0.05 0
1.0 -1.5 0.5 0.5 0.03 0
1.5 -1.5 0.5 0.5 0.01 0
-1.5 1.5 0.5 0.5 0.05 0
-1.0 1.5 0.5 0.5 0.03 0
-0.5 1.5 0.5 0.5 0.01 0
0.0 1.5 0.5 0.5 0.07 0
0.5 1.5 0.5 0.5 0.05 0
1.0 1.5 0.5 0.5 0.03 0
1.5 1.5 0.5 0.5 0.01 0
-1.5 -1.0 0.5 0.5 0.06 0
-1.5 -0.5 0.5 0.5 0.03 0
-1.5 0.0 0.5 0.5 0.05 0
-1.5 0.5 0.5 0.5 0.07 0
-1.5 1.0 0.5 0.5 0.04 0
1.5 -1.0 0.5 0.5 0.06 0
1.5 -0.5 0.5 0.5 0.03 0
1.5 0.0 0.5 0.5 0.05 0
1.5 0.5 0.5 0.5 0.07 0
1.5 1.0 0.5 0.5 0.04 0
-2.0 -2.0 0.5 0.5 0.08 0
-1.5 -2.0 0.5 0.5 0.06 0
-1.0 -2.0 0.5 0.5 0.04 0
-0.5 -2.0 0.5 0.5 0.02 0
0.0 -2.0 0.5 0.5 0.08 0
0.5 -2.0 0.5 0.5 0.06 0
1.0 -2.0 0.5 0.5 0.04 0
1.5 -2.0 0.5 0.5 0.02 0
2.0 -2.0 0.5 0.5 0.08 0
-2.0 2.0 0.5 0.5 0.08 0
-1.5 2.0 0.5 0.5 0.06 0
-1.0 2.0 0.5 0.5 0.04 0
-0.5 2.0 0.5 0.5 0.02 0
0.0 2.0 0.5 0.5 0.08 0
0.5 2.0 0.5 0.5 0.06 0
1.0 2.0 0.5 0.5 0.04 0
1.5 2.0 0.5 0.5 0.02 0
2.0 2.0 0.5 0.5 0.08 0
-2.0 -1.5 0.5 0.5 0.06 0
-2.0 -1.0 0.5 0.5 0.04 0
-2.0 -0.5 0.5 0.5 0.02 0
-2.0 0.0 0.5 0.5 0.08 0
-2.0 0.5 0.5 0.5 0.06 0
-2.0 1.0 0.5 0.5 0.04 0
-2.0 1.5 0.5 0.5 0.02 0
2.0 -1.5 0.5 0.5 0.06 0
2.0 -1.0 0.5 0.5 0.04 0
2.0 -0.5 0.5 0.5 0.02 0
2.0 0.0 0.5 0.5 0.08 0
2.0 0.5 0.5 0.5 0.06 0
2.0 1.0 0.5 0.5 0.04 0
2.0 1.5 0.5 0.5 0.02 0
-2.5 -2.5 0.5 0.5 0.09 0
-2.0 -2.5 0.5 0.5 0.07 0
-1.5 -2.5 0.5 0.5 0.05 0
-1.0 -2.5 0.5 0.5 0.03 0
-0.5 -2.5 0.5 0.5 0.01 0
0.0 -2.5 0.5 0.5 0.09 0
0.5 -2.5 0.5 0.5 0.07 0
1.0 -2.5 0.5 0.5 0.05 0
1.5 -2.5 0.5 0.5 0.03 0
2.0 -2.5 0.5 0.5 0.01 0
2.5 -2.5 0.5 0.5 0.09 0
-2.5 2.5 0.5 0.5 0.09 0
-2.0 2.5 0.5 0.5 0.07 0
-1.5 2.5 0.5 0.5 0.05 0
-1.0 2.5 0.5 0.5 0.03 0
-0.5 2.5 0.5 0.5 0.01 0
0.0 2.5 0.5 0.5 0.09 0
0.5 2.5 0.5 0.5 0.07 0
1.0 2.5 0.5 0.5 0.05 0
1.5 2.5 0.5 0.5 0.03 0
2.0 2.5 0.5 0.5 0.01 0
2.5 2.5 0.5 0.5 0.09 0
-2.5 -2.0 0.5 0.5 0.07 0
-2.5 -1.5 0.5 0.5 0.05 0
-2.5 -1.0 0.5 0.5 0.03 0
-2.5 -0.5 0.5 0.5 0.01 0
-2.5 0.0 0.5 0.5 0.07 0
-2.5 0.5 0.5 0.5 0.05 0
-2.5 1.0 0.5 0.5 0.03 0
-2.5 1.5 0.5 0.5 0.01 0
-2.5 2.0 0.5 0.5 0.07 0
2.5 -2.0 0.5 0.5 0.07 0
2.5 -1.5 0.5 0.5 0.05 0
2.5 -1.0 0.5 0.5 0.03 0
2.5 -0.5 0.5 0.5 0.01 0
2.5 0.0 0.5 0.5 0.07 0
2.5 0.5 0.5 0.5 0.05 0
2.5 1.0 0.5 0.5 0.03 0
2.5 1.5 0.5 0.5 0.01 0
2.5 2.0 0.5 0.5 0.07 0
-3.0 -3.0 0.5 0.5 0.10 0
-2.5 -3.0 0.5 0.5 0.08 0
-2.0 -3.0 0.5 0.5 0.06 0
-1.5 -3.0 0.5 0.5 0.04 0
-1.0 -3.0 0.5 0.5 0.02 0
-0.5 -3.0 0.5 0.5 0.10 0
0.0 -3.0 0.5 0.5 0.08 0
0.5 -3.0 0.5 0.5 0.06 0
1.0 -3.0 0.5 0.5 0.04 0
1.5 -3.0 0.5 0.5 0.02 0
2.0 -3.0 0.5 0.5 0.10 0
2.5 -3.0 0.5 0.5 0.08 0
3.0 -3.0 0.5 0.5 0.06 0
-3.0 3.0 0.5 0.5 0.10 0
-2.5 3.0 0.5 0.5 0.08 0
-2.0 3.0 0.5 0.5 0.06 0
-1.5 3.0 0.5 0.5 0.04 0
-1.0 3.0 0.5 0.5 0.02 0
-0.5 3.0 0.5 0.5 0.10 0
0.0 3.0 0.5 0.5 0.08 0
0.5 3.0 0.5 0.5 0.06 0
1.0 3.0 0.5 0.5 0.04 0
1.5 3.0 0.5 0.5 0.02 0
2.0 3.0 0.5 0.5 0.10 0
2.5 3.0 0.5 0.5 0.08 0
3.0 3.0 0.5 0.5 0.06 0
-3.5 -3.5 0.5 0.5 0.11 0
-3.0 -3.5 0.5 0.5 0.09 0
-2.5 -3.5 0.5 0.5 0.07 0
-2.0 -3.5 0.5 0.5 0.05 0
-1.5 -3.5 0.5 0.5 0.03 0
-1.0 -3.5 0.5 0.5 0.01 0
-0.5 -3.5 0.5 0.5 0.09 0
0.0 -3.5 0.5 0.5 0.07 0
0.5 -3.5 0.5 0.5 0.05 0
1.0 -3.5 0.5 0.5 0.03 0
1.5 -3.5 0.5 0.5 0.01 0
2.0 -3.5 0.5 0.5 0.09 0
2.5 -3.5 0.5 0.5 0.07 0
3.0 -3.5 0.5 0.5 0.05 0
3.5 -3.5 0.5 0.5 0.03 0
-3.5 3.5 0.5 0.5 0.11 0
-3.0 3.5 0.5 0.5 0.09 0
-2.5 3.5 0.5 0.5 0.07 0
-2.0 3.5 0.5 0.5 0.05 0
-1.5 3.5 0.5 0.5 0.03 0
-1.0 3.5 0.5 0.5 0.01 0
-0.5 3.5 0.5 0.5 0.09 0
0.0 3.5 0.5 0.5 0.07 0
0.5 3.5 0.5 0.5 0.05 0
1.0 3.5 0.5 0.5 0.03 0
1.5 3.5 0.5 0.5 0.01 0
2.0 3.5 0.5 0.5 0.09 0
2.5 3.5 0.5 0.5 0.07 0
3.0 3.5 0.5 0.5 0.05 0
3.5 3.5 0.5 0.5 0.20 0
3.0 -3.0 0.5 0.5 0.06 0
3.0 -2.5 0.5 0.5 0.17 0
3.0 -2.0 0.5 0.5 0.08 0
3.0 -1.5 0.5 0.5 0.09 0
3.0 -1.0 0.5 0.5 0.12 0
3.0 -0.5 0.5 0.5 0.17 0
3.0 0.0 0.5 0.5 0.12 0
3.0 0.5 0.5 0.5 0.10 0
3.0 1.0 0.5 0.5 0.09 0
3.0 1.5 0.5 0.5 0.15 0
3.0 2.0 0.5 0.5 0.09 0
3.0 2.5 0.5 0.5 0.16 0
3.0 3.0 0.5 0.5 0.12 0
3.0 3.5 0.5 0.5 0.11 0
3.5 -3.5 0.5 0.5 0.04 0
3.5 -3.0 0.5 0.5 0.05 0
3.5 -2.5 0.5 0.5 0.16 0
3.5 -2.0 0.5 0.5 0.07 0
3.5 -1.5 0.5 0.5 0.12 0
3.5 -1.0 0.5 0.5 0.09 0
3.5 -0.5 0.5 0.5 0.14 0
3.5 0.0 0.5 0.5 0.12 0
3.5 0.5 0.5 0.5 0.08 0
3.5 1.0 0.5 0.5 0.13 0
3.5 1.5 0.5 0.5 0.11 0
3.5 2.0 0.5 0.5 0.15 0
3.5 2.5 0.5 0.5 0.16 0
3.5 3.0 0.5 0.5 0.07 0
3.5 3.5 0.5 0.5 0.10 0
-3.0 -3.0 0.5 0.5 0.16 0
-3.0 -2.5 0.5 0.5 0.07 0
-3.0 -2.0 0.5 0.5 0.18 0
-3.0 -1.5 0.5 0.5 0.09 0
-3.0 -1.0 0.5 0.5 0.10 0
-3.0 -0.5 0.5 0.5 0.11 0
-3.0 0.0 0.5 0.5 0.12 0
-3.0 0.5 0.5 0.5 0.07 0
-3.0 1.0 0.5 0.5 0.10 0
-3.0 1.5 0.5 0.5 0.15 0
-3.0 2.0 0.5 0.5 0.16 0
-3.0 2.5 0.5 0.5 0.12 0
-3.0 3.0 0.5 0.5 0.18 0
-3.0 3.5 0.5 0.5 0.12 0
-3.5 -3.5 0.5 0.5 0.04 0
-3.5 -3.0 0.5 0.5 0.05 0
-3.5 -2.5 0.5 0.5 0.06 0
-3.5 -2.0 0.5 0.5 0.07 0
-3.5 -1.5 0.5 0.5 0.08 0
-3.5 -1.0 0.5 0.5 0.09 0
-3.5 -0.5 0.5 0.5 0.10 0
-3.5 0.0 0.5 0.5 0.11 0
-3.5 0.5 0.5 0.5 0.12 0
-3.5 1.0 0.5 0.5 0.13 0
-3.5 1.5 0.5 0.5 0.14 0
-3.5 2.0 0.5 0.5 0.15 0
-3.5 2.5 0.5 0.5 0.16 0
-3.5 3.0 0.5 0.5 0.17 0
-3.5 3.5 0.5 0.5 0.18 0
-3.0 4.0 0.5 0.5 0.10 0
-2.5 4.0 0.5 0.5 0.08 0
-2.0 4.0 0.5 0.5 0.06 0
-1.5 4.0 0.5 0.5 0.04 0
-1.0 4.0 0.5 0.5 0.02 0
-0.5 4.0 0.5 0.5 0.10 0
0.0 4.0 0.5 0.5 0.08 0
0.5 4.0 0.5 0.5 0.06 0
1.0 4.0 0.5 0.5 0.04 0
1.5 4.0 0.5 0.5 0.02 0
2.0 4.0 0.5 0.5 0.10 0
2.5 4.0 0.5 0.5 0.08 0
3.0 4.0 0.5 0.5 0.06 0
3.5 4.0 0.5 0.5 0.04 0
4.0 4.0 0.5 0.5 0.02 0
-3.0 4.5 0.5 0.5 0.11 0
-2.5 4.5 0.5 0.5 0.09 0
-2.0 4.5 0.5 0.5 0.07 0
-1.5 4.5 0.5 0.5 0.05 0
-1.0 4.5 0.5 0.5 0.03 0
-0.5 4.5 0.5 0.5 0.01 0
0.0 4.5 0.5 0.5 0.09 0
0.5 4.5 0.5 0.5 0.07 0
1.0 4.5 0.5 0.5 0.05 0
1.5 4.5 0.5 0.5 0.03 0
2.0 4.5 0.5 0.5 0.01 0
2.5 4.5 0.5 0.5 0.09 0
3.0 4.5 0.5 0.5 0.07 0
3.5 4.5 0.5 0.5 0.05 0
4.0 4.5 0.5 0.5 0.03 0
4.0 -3.0 0.5 0.5 0.07 0
4.0 -2.5 0.5 0.5 0.08 0
4.0 -2.0 0.5 0.5 0.09 0
4.0 -1.5 0.5 0.5 0.10 0
4.0 -1.0 0.5 0.5 0.11 0
4.0 -0.5 0.5 0.5 0.12 0
4.0 0.0 0.5 0.5 0.13 0
4.0 0.5 0.5 0.5 0.14 0
4.0 1.0 0.5 0.5 0.15 0
4.0 1.5 0.5 0.5 0.16 0
4.0 2.0 0.5 0.5 0.17 0
4.0 2.5 0.5 0.5 0.18 0
4.0 3.0 0.5 0.5 0.19 0
4.0 3.5 0.5 0.5 0.20 0
4.0 4.0 0.5 0.5 0.21 0
4.0 4.5 0.5 0.5 0.22 0
4.5 -3.5 0.5 0.5 0.05 0
4.5 -3.0 0.5 0.5 0.06 0
4.5 -2.5 0.5 0.5 0.07 0
4.5 -2.0 0.5 0.5 0.08 0
4.5 -1.5 0.5 0.5 0.09 0
4.5 -1.0 0.5 0.5 0.10 0
4.5 -0.5 0.5 0.5 0.11 0
4.5 0.0 0.5 0.5 0.12 0
4.5 0.5 0.5 0.5 0.13 0
4.5 1.0 0.5 0.5 0.14 0
4.5 1.5 0.5 0.5 0.15 0
4.5 2.0 0.5 0.5 0.16 0
4.5 2.5 0.5 0.5 0.17 0
4.5 3.0 0.5 0.5 0.18 0
4.5 3.5 0.5 0.5 0.19 0
4.5 4.0 0.5 0.5 0.20 0
4.5 4.5 0.5 0.5 0.21 0
-4.0 -3.0 0.5 0.5 0.07 0
-4.0 -2.5 0.5 0.5 0.08 0
-4.0 -2.0 0.5 0.5 0.09 0
-4.0 -1.5 0.5 0.5 0.10 0
-4.0 -1.0 0.5 0.5 0.11 0
-4.0 -0.5 0.5 0.5 0.12 0
-4.0 0.0 0.5 0.5 0.13 0
-4.0 0.5 0.5 0.5 0.14 0
-4.0 1.0 0.5 0.5 0.15 0
-4.0 1.5 0.5 0.5 0.16 0
-4.0 2.0 0.5 0.5 0.17 0
-4.0 2.5 0.5 0.5 0.18 0
-4.0 3.0 0.5 0.5 0.19 0
-4.0 3.5 0.5 0.5 0.20 0
-4.0 4.0 0.5 0.5 0.21 0
-4.0 4.5 0.5 0.5 0.22 0
-4.5 -3.5 0.5 0.5 0.05 0
-4.5 -3.0 0.5 0.5 0.06 0
-4.5 -2.5 0.5 0.5 0.07 0
-4.5 -2.0 0.5 0.5 0.08 0
-4.5 -1.5 0.5 0.5 0.09 0
-4.5 -1.0 0.5 0.5 0.10 0
-4.5 -0.5 0.5 0.5 0.11 0
-4.5 0.0 0.5 0.5 0.12 0
-4.5 0.5 0.5 0.5 0.13 0
-4.5 1.0 0.5 0.5 0.14 0
-4.5 1.5 0.5 0.5 0.15 0
-4.5 2.0 0.5 0.5 0.16 0
-4.5 2.5 0.5 0.5 0.17 0
-4.5 3.0 0.5 0.5 0.18 0
-4.5 3.5 0.5 0.5 0.19 0
-4.5 4.0 0.5 0.5 0.20 0
-4.5 4.5 0.5 0.5 0.21 0
-3.0 -4.0 0.5 0.5 0.10 0
-2.5 -4.0 0.5 0.5 0.08 0
-2.0 -4.0 0.5 0.5 0.06 0
-1.5 -4.0 0.5 0.5 0.04 0
-1.0 -4.0 0.5 0.5 0.02 0
-0.5 -4.0 0.5 0.5 0.10 0
0.0 -4.0 0.5 0.5 0.08 0
0.5 -4.0 0.5 0.5 0.06 0
1.0 -4.0 0.5 0.5 0.04 0
1.5 -4.0 0.5 0.5 0.02 0
2.0 -4.0 0.5 0.5 0.10 0
2.5 -4.0 0.5 0.5 0.08 0
3.0 -4.0 0.5 0.5 0.06 0
3.5 -4.0 0.5 0.5 0.04 0
4.0 -4.0 0.5 0.5 0.02 0
-3.0 -4.5 0.5 0.5 0.11 0
-2.5 -4.5 0.5 0.5 0.09 0
-2.0 -4.5 0.5 0.5 0.07 0
-1.5 -4.5 0.5 0.5 0.05 0
-1.0 -4.5 0.5 0.5 0.03 0
-0.5 -4.5 0.5 0.5 0.01 0
0.0 -4.5 0.5 0.5 0.09 0
0.5 -4.5 0.5 0.5 0.07 0
1.0 -4.5 0.5 0.5 0.05 0
1.5 -4.5 0.5 0.5 0.03 0
2.0 -4.5 0.5 0.5 0.01 0
2.5 -4.5 0.5 0.5 0.09 0
3.0 -4.5 0.5 0.5 0.07 0
3.5 -4.5 0.5 0.5 0.05 0
4.0 -4.5 0.5 0.5 0.03 0
